102307
1925367
7923592
217039
2437696
1923174
1921158
217402
1927982
832406
7924115
7924150
1927896
2440681
6131874
6131828
1927540
1924607
831866
217507
1924796
1927227
7923908
217575
1922724
1925737
7923596
1926889
1926116
7924020
1926028
1927034
2438505
6129243
1923468
2440101
7923891
1924902
1927195
217520
1923545
217288
2439445
1923551
1927392
2440302
1925682
6129094
1921426
2437568
1921572
2947
2437255
1921182
2437570
2437333
2437373
2168958
1921431
6126788
1921615
7922774
4494627
2437329
6120892
1921605
1920716
1921594
1921601
4495128
1921520
292055
647767
7922775
1921516
1920705
1920956
1921584
7922933
1920869
217164
7922762
1923573
7922744
2437645
1925327
1921858
2169312
4494225
1923201
1920641
7922788
2168664
2437289
1923983
1920920
4493910
1922786
2437533
4493828
4493600
1921578
1490067
1923531
1817197
1920702
1920707
7922934
922356
1920701
7922746
1922244
1921383
6126155
7922810
2437526
1921508
2437334
216960
4493694
1927215
1924392
217081
1921651
2437601
216977
1921593
1921921
7922967
2437441
4493973
1921558
1921557
2837085
7922951
1920912
1920995
1921144
2168733
7922807
1920845
7922913
1921494
831257
4494218
1921632
1924448
2437720
2437407
1921072
857653
1921113
2438245
7922733
1921295
2437745
1921381
1923381
1921214
7922728
1922986
830828
4494188
6125488
6126275
7923028
2437646
2437637
2836753
7922950
1922981
2437644
1921522
1
2437726
831306
2440971
2438394
1923296
1922993
1921759
2437598
1921519
1921538
922365
1921272
1924463
1921479
831324
1921434
661440
1923102
1922937
1928988
129485
832973
1928836
1928489
292946
6133319
689170
2441245
689066
2440687
4498731
6133273
2441199
1923751
7924195
1925604
380487
1928191
832614
4489041
7923685
833202
2779497
825256
2837315
1921646
922795
7925166
2442556
1929715
1929571
6135451
2837814
7924863
858267
858112
700099
2826334
7924860
783461
1932328
218735
923112
2444321
6106754
1931737
2444338
923063
7925879
7926370
2438449
783758
129782
827474
1932192
1932070
7926265
2442240
7925146
2443473
2443040
2443139
2443026
1931004
922936
2442113
922991
7925384
2443971
2442945
7925983
7925635
4503611
7925970
7925660
2443787
36203
857974
129628
828447
6135653
7925612
2443374
52443
595720
69553
2442862
4504310
923143
129591
6135824
6136063
4503660
1928200
1619501
920943
218503
7925424
7926822
6141258
6140607
7926689
4504420
2838605
7926825
1217591
2444548
858704
7926837
4502113
6140626
835462
6137830
6139472
